# LE CUSPIDI DEL SEGNO SOLARE, ordine FC voce 10.3 d, 5 ottobre 2026.
# Ogni giorno dal 1 gennaio 1900 al 31 dicembre 2100, a mezzogiorno
# nel fuso Europe/Rome (l'amico senza ora e senza luogo): il segno della
# tabella a date fisse (Zodiac.fromDate, cancellata dalla cura) contro
# il segno della posizione reale del Sole (IlSegnoDelSole.diNascita).
# Misurato sul commit 7fd8098d piu' la porta nuova, prima di
# cancellare la tabella.
# giorni misurati 73414, con un segno diverso 1084
# giorno | prima -> dopo | quanti anni | anni
19 gennaio | Capricorno -> Acquario | 6 | 2077 2081 2085 2089 2093 2097
20 gennaio | Acquario -> Capricorno | 91 | 1900 1901 1902 1903 1904 1905 1906 1907 1908 1909 1910 1911 1912 1913 1914 1915 1916 1917 1918 1919 1920 1921 1922 1923 1924 1925 1926 1927 1928 1929 1930 1931 1932 1933 1934 1935 1936 1937 1938 1939 1940 1941 1942 1943 1944 1946 1947 1948 1950 1951 1952 1954 1955 1956 1958 1959 1960 1962 1963 1964 1966 1967 1968 1970 1971 1972 1975 1976 1979 1980 1983 1984 1987 1988 1991 1992 1995 1996 1999 2000 2003 2004 2008 2012 2016 2020 2024 2028 2032 2036 2040
18 febbraio | Acquario -> Pesci | 36 | 2021 2025 2029 2033 2037 2041 2045 2049 2053 2054 2057 2058 2061 2062 2065 2066 2069 2070 2073 2074 2077 2078 2081 2082 2085 2086 2087 2089 2090 2091 2093 2094 2095 2097 2098 2099
19 febbraio | Pesci -> Acquario | 38 | 1902 1903 1904 1906 1907 1908 1910 1911 1912 1914 1915 1916 1919 1920 1923 1924 1927 1928 1931 1932 1935 1936 1939 1940 1943 1944 1947 1948 1951 1952 1956 1960 1964 1968 1972 1976 1980 1984
20 marzo | Pesci -> Ariete | 71 | 1984 1988 1992 1996 2000 2004 2008 2012 2013 2016 2017 2020 2021 2024 2025 2028 2029 2032 2033 2036 2037 2040 2041 2044 2045 2046 2048 2049 2050 2052 2053 2054 2056 2057 2058 2060 2061 2062 2064 2065 2066 2068 2069 2070 2072 2073 2074 2076 2077 2078 2079 2080 2081 2082 2083 2084 2085 2086 2087 2088 2089 2090 2091 2092 2093 2094 2095 2096 2097 2098 2099
21 marzo | Ariete -> Pesci | 17 | 1902 1903 1906 1907 1910 1911 1914 1915 1918 1919 1923 1927 1931 1935 1939 1943 1947
19 aprile | Ariete -> Toro | 22 | 2040 2044 2048 2052 2056 2060 2064 2068 2072 2073 2076 2077 2080 2081 2084 2085 2088 2089 2092 2093 2096 2097
20 aprile | Toro -> Ariete | 64 | 1900 1901 1902 1903 1904 1905 1906 1907 1908 1909 1910 1911 1912 1913 1914 1915 1917 1918 1919 1921 1922 1923 1925 1926 1927 1929 1930 1931 1933 1934 1935 1937 1938 1939 1941 1942 1943 1945 1946 1947 1950 1951 1954 1955 1958 1959 1962 1963 1966 1967 1970 1971 1974 1975 1979 1982 1983 1987 1991 1995 1999 2003 2007 2011
20 maggio | Toro -> Gemelli | 25 | 2040 2044 2048 2052 2056 2060 2064 2065 2068 2069 2072 2073 2076 2077 2080 2081 2084 2085 2088 2089 2092 2093 2096 2097 2098
21 maggio | Gemelli -> Toro | 61 | 1900 1901 1902 1903 1904 1905 1906 1907 1908 1909 1910 1911 1912 1913 1914 1915 1917 1918 1919 1921 1922 1923 1925 1926 1927 1929 1930 1931 1933 1934 1935 1937 1938 1939 1941 1942 1943 1945 1946 1947 1950 1951 1954 1955 1958 1959 1962 1963 1966 1967 1970 1971 1975 1979 1983 1987 1991 1995 1999 2003 2007
20 giugno | Gemelli -> Cancro | 6 | 2076 2080 2084 2088 2092 2096
21 giugno | Cancro -> Gemelli | 101 | 1900 1901 1902 1903 1904 1905 1906 1907 1908 1909 1910 1911 1912 1913 1914 1915 1916 1917 1918 1919 1920 1921 1922 1923 1924 1925 1926 1927 1928 1929 1930 1931 1932 1933 1934 1935 1936 1937 1938 1939 1940 1941 1942 1943 1944 1945 1946 1947 1948 1949 1950 1951 1952 1953 1954 1955 1957 1958 1959 1961 1962 1963 1965 1966 1967 1969 1970 1971 1973 1974 1975 1977 1978 1979 1981 1982 1983 1985 1986 1987 1990 1991 1994 1995 1998 1999 2002 2003 2006 2007 2010 2011 2014 2015 2018 2019 2023 2027 2031 2035 2039
22 giugno | Cancro -> Gemelli | 6 | 1903 1907 1911 1915 1919 1923
22 luglio | Cancro -> Leone | 46 | 2012 2016 2020 2024 2028 2032 2036 2040 2041 2044 2045 2048 2049 2052 2053 2056 2057 2060 2061 2064 2065 2068 2069 2070 2072 2073 2074 2076 2077 2078 2080 2081 2082 2084 2085 2086 2088 2089 2090 2092 2093 2094 2096 2097 2098 2099
23 luglio | Leone -> Cancro | 38 | 1901 1902 1903 1905 1906 1907 1909 1910 1911 1913 1914 1915 1917 1918 1919 1922 1923 1926 1927 1930 1931 1934 1935 1938 1939 1942 1943 1946 1947 1951 1955 1959 1963 1967 1971 1975 1979 1983
22 agosto | Leone -> Vergine | 20 | 2044 2048 2052 2056 2060 2064 2068 2072 2076 2077 2080 2081 2084 2085 2088 2089 2092 2093 2096 2097
23 agosto | Vergine -> Leone | 70 | 1900 1901 1902 1903 1904 1905 1906 1907 1908 1909 1910 1911 1912 1913 1914 1915 1916 1917 1918 1919 1920 1921 1922 1923 1925 1926 1927 1929 1930 1931 1933 1934 1935 1937 1938 1939 1941 1942 1943 1945 1946 1947 1949 1950 1951 1954 1955 1958 1959 1962 1963 1966 1967 1970 1971 1974 1975 1978 1979 1982 1983 1986 1987 1991 1995 1999 2003 2007 2011 2015
22 settembre | Vergine -> Bilancia | 25 | 2040 2044 2048 2052 2056 2060 2064 2065 2068 2069 2072 2073 2076 2077 2080 2081 2084 2085 2088 2089 2092 2093 2096 2097 2098
23 settembre | Bilancia -> Vergine | 58 | 1900 1901 1902 1903 1904 1905 1906 1907 1909 1910 1911 1913 1914 1915 1917 1918 1919 1921 1922 1923 1925 1926 1927 1929 1930 1931 1933 1934 1935 1937 1938 1939 1941 1942 1943 1946 1947 1950 1951 1954 1955 1958 1959 1962 1963 1966 1967 1970 1971 1974 1975 1979 1983 1987 1991 1995 1999 2003
22 ottobre | Bilancia -> Scorpione | 4 | 2084 2088 2092 2096
23 ottobre | Scorpione -> Bilancia | 105 | 1900 1901 1902 1903 1904 1905 1906 1907 1908 1909 1910 1911 1912 1913 1914 1915 1916 1917 1918 1919 1920 1921 1922 1923 1924 1925 1926 1927 1928 1929 1930 1931 1932 1933 1934 1935 1936 1937 1938 1939 1940 1941 1942 1943 1944 1945 1946 1947 1948 1949 1950 1951 1952 1953 1954 1955 1957 1958 1959 1961 1962 1963 1965 1966 1967 1969 1970 1971 1973 1974 1975 1977 1978 1979 1981 1982 1983 1985 1986 1987 1990 1991 1994 1995 1998 1999 2002 2003 2006 2007 2010 2011 2014 2015 2018 2019 2022 2023 2027 2031 2035 2039 2043 2047 2051
24 ottobre | Scorpione -> Bilancia | 5 | 1903 1907 1911 1915 1919
21 novembre | Scorpione -> Sagittario | 6 | 2076 2080 2084 2088 2092 2096
22 novembre | Sagittario -> Scorpione | 90 | 1900 1901 1902 1903 1904 1905 1906 1907 1908 1909 1910 1911 1912 1913 1914 1915 1916 1917 1918 1919 1920 1921 1922 1923 1924 1925 1926 1927 1928 1929 1930 1931 1932 1933 1934 1935 1936 1937 1938 1939 1940 1941 1942 1943 1945 1946 1947 1949 1950 1951 1953 1954 1955 1957 1958 1959 1961 1962 1963 1965 1966 1967 1969 1970 1971 1974 1975 1978 1979 1982 1983 1986 1987 1990 1991 1994 1995 1998 1999 2002 2003 2007 2011 2015 2019 2023 2027 2031 2035 2039
23 novembre | Sagittario -> Scorpione | 1 | 1903
21 dicembre | Sagittario -> Capricorno | 38 | 2016 2020 2024 2028 2032 2036 2040 2044 2048 2049 2052 2053 2056 2057 2060 2061 2064 2065 2068 2069 2072 2073 2076 2077 2080 2081 2084 2085 2086 2088 2089 2090 2092 2093 2094 2096 2097 2098
22 dicembre | Capricorno -> Sagittario | 34 | 1901 1902 1903 1905 1906 1907 1909 1910 1911 1914 1915 1918 1919 1922 1923 1926 1927 1930 1931 1934 1935 1938 1939 1942 1943 1947 1951 1955 1959 1963 1967 1971 1975 1979
